('Z', -0.0030679615757710004, [3])
('XX', 0.0030679615757710004, [3, 0])
('Z', 0.0030679615757710004, [0])
('ZZ', 0.0030679615757710004, [1, 2])
('XX', 0.0030679615757710004, [2, 3])
('YY', 0.0030679615757710004, [2, 3])
('ZZ', 0.0030679615757710004, [1, 2])
('YY', 0.0030679615757710004, [1, 2])
('Z', 0.0030679615757710004, [0])
('XX', 0.0030679615757710004, [2, 3])
('Z', -0.0030679615757710004, [3])
('Z', -0.0030679615757710004, [2])
('ZZ', 0.0030679615757710004, [0, 1])
('XX', 0.0030679615757710004, [1, 2])
('XX', 0.0030679615757710004, [2, 3])
('Z', -0.0030679615757710004, [2])
('ZZ', 0.0030679615757710004, [2, 3])
('ZZ', 0.0030679615757710004, [0, 1])
('ZZ', 0.0030679615757710004, [3, 0])
('ZZ', 0.0030679615757710004, [2, 3])
('XX', 0.0030679615757710004, [3, 0])
('XX', 0.0030679615757710004, [1, 2])
('Z', -0.0030679615757710004, [2])
('Z', -0.0030679615757710004, [1])
('YY', 0.0030679615757710004, [0, 1])
('XX', 0.0030679615757710004, [3, 0])
('YY', 0.0030679615757710004, [0, 1])
('XX', 0.0030679615757710004, [1, 2])
('Z', -0.0030679615757710004, [2])
('ZZ', 0.0030679615757710004, [2, 3])
('XX', 0.0030679615757710004, [1, 2])
('ZZ', 0.0030679615757710004, [3, 0])
('XX', 0.0030679615757710004, [3, 0])
('ZZ', 0.0030679615757710004, [3, 0])
('ZZ', 0.0030679615757710004, [0, 1])
('XX', 0.0030679615757710004, [1, 2])
('Z', -0.0030679615757710004, [2])
('ZZ', 0.0030679615757710004, [2, 3])
('XX', 0.0030679615757710004, [0, 1])
('ZZ', 0.0030679615757710004, [1, 2])
('XX', 0.0030679615757710004, [2, 3])
('ZZ', 0.0030679615757710004, [1, 2])
('YY', 0.0030679615757710004, [0, 1])
('YY', 0.0030679615757710004, [2, 3])
('YY', 0.0030679615757710004, [1, 2])
('ZZ', 0.0030679615757710004, [1, 2])
('XX', 0.0030679615757710004, [3, 0])
('XX', 0.0030679615757710004, [1, 2])
('XX', 0.0030679615757710004, [3, 0])
('XX', 0.0030679615757710004, [1, 2])
('Z', -0.0030679615757710004, [3])
('YY', 0.0030679615757710004, [3, 0])
('ZZ', 0.0030679615757710004, [2, 3])
('ZZ', 0.0030679615757710004, [0, 1])
('YY', 0.0030679615757710004, [1, 2])
('ZZ', 0.0030679615757710004, [1, 2])
('XX', 0.0030679615757710004, [3, 0])
('XX', 0.0030679615757710004, [3, 0])
('YY', 0.0030679615757710004, [2, 3])
('YY', 0.0030679615757710004, [2, 3])
('ZZ', 0.0030679615757710004, [3, 0])
('YY', 0.0030679615757710004, [1, 2])
('Z', -0.0030679615757710004, [2])
('YY', 0.0030679615757710004, [2, 3])
('ZZ', 0.0030679615757710004, [3, 0])
('ZZ', 0.0030679615757710004, [2, 3])
('YY', 0.0030679615757710004, [3, 0])
('YY', 0.0030679615757710004, [2, 3])
('ZZ', 0.0030679615757710004, [0, 1])
('YY', 0.0030679615757710004, [0, 1])
('XX', 0.0030679615757710004, [2, 3])
('Z', -0.0030679615757710004, [3])
('ZZ', 0.0030679615757710004, [2, 3])
('YY', 0.0030679615757710004, [2, 3])
('YY', 0.0030679615757710004, [0, 1])
('ZZ', 0.0030679615757710004, [1, 2])
('XX', 0.0030679615757710004, [2, 3])
('ZZ', 0.0030679615757710004, [3, 0])
('XX', 0.0030679615757710004, [2, 3])
('YY', 0.0030679615757710004, [3, 0])
('ZZ', 0.0030679615757710004, [2, 3])
('XX', 0.0030679615757710004, [1, 2])
('ZZ', 0.0030679615757710004, [3, 0])
('Z', -0.0030679615757710004, [2])
('YY', 0.0030679615757710004, [1, 2])
('YY', 0.0030679615757710004, [1, 2])
('XX', 0.0030679615757710004, [3, 0])
('YY', 0.0030679615757710004, [0, 1])
('YY', 0.0030679615757710004, [0, 1])
('XX', 0.0030679615757710004, [1, 2])
('YY', 0.0030679615757710004, [1, 2])
('YY', 0.0030679615757710004, [2, 3])
('ZZ', 0.0030679615757710004, [3, 0])
('XX', 0.0030679615757710004, [1, 2])
('YY', 0.0030679615757710004, [2, 3])
('ZZ', 0.0030679615757710004, [2, 3])
('YY', 0.0030679615757710004, [0, 1])
('ZZ', 0.0030679615757710004, [0, 1])
('YY', 0.0030679615757710004, [1, 2])
('YY', 0.0030679615757710004, [2, 3])
('YY', 0.0030679615757710004, [3, 0])
('XX', 0.0030679615757710004, [1, 2])
('XX', 0.0030679615757710004, [3, 0])
('Z', 0.0030679615757710004, [0]